{"WFG1_2obj_3dim": [[0.354, 3.139],[0.393, 3.487],[0.433, 3.836],[1.508, 0.979],[1.675, 1.088],[1.843, 1.197]],
 "WFG1_3obj_4dim": [[0.332, 1.352, 1.308], [0.369, 1.502, 1.453], [0.406, 1.652, 1.599], [0.805, 0.31,  1.894], [0.895, 0.345, 2.104], [0.984, 0.379, 2.314]],
 "WFG1_4obj_5dim": [[0.00506805, 0.01450383, 2.0741083 , 2.67170142], [0.00563116, 0.01611537, 2.30456478, 2.96855713],[0.00619428, 0.01772691, 2.53502125, 3.26541285],[0.28407330, 0.33494929, 0.59489375, 0.77715356],[0.31563700, 0.37216588, 0.66099306, 0.86350396],[0.34720070, 0.40938246, 0.72709236, 0.94985435]],
 "WFG2_2obj_6dim": [[0.302, 2.46 ], [0.336, 2.734], [0.369, 3.007], [1.181, 1.179], [1.312, 1.309], [1.443, 1.44 ]],
 "WFG2_3obj_6dim": [[1.042, 0.293, 0.731],[1.158, 0.325, 0.812],[1.274, 0.358, 0.893],[0.085, 1.48 , 1.852],[0.094, 1.644, 2.058], [0.104, 1.808, 2.264]],
 "WFG2_4obj_10dim": [[5.33350067e-02, 2.33966739e+00, 2.22360286e-02, 1.23056658e+00], [5.92611186e-02, 2.59963043e+00, 2.47066985e-02, 1.36729620e+00], [6.51872304e-02, 2.85959347e+00, 2.71773683e-02, 1.50402582e+00],[2.41193562e-01, 5.34313815e-09, 1.34895443e-02, 5.87938870e+00], [2.67992847e-01, 5.93682017e-09, 1.49883826e-02, 6.53265411e+00],[2.94792132e-01, 6.53050219e-09, 1.64872208e-02, 7.18591952e+00]],
 "WFG3_2obj_6dim": [[0.36 , 2.88 ], [0.4  , 3.2  ], [0.44 , 3.52 ], [1.261, 1.079], [1.401, 1.199],[1.541, 1.318]],
 "WFG3_3obj_10dim": [[0.18 , 0.36 , 4.319],[0.2  , 0.4  , 4.799],[0.22 , 0.44 , 5.279],[0.63 , 1.261, 1.618],[0.7  , 1.401, 1.798],  [0.77 , 1.541, 1.978]],
 "WFG3_4obj_10dim": [[0.12602521, 0.25205041, 0.75615123, 5.18359672], [0.14002801, 0.28005601, 0.84016803, 5.75955191], [0.15403081, 0.30806161, 0.92418484, 6.3355071 ], [0.39607922, 0.79215843, 2.3764753 , 0.86273255], [0.44008802, 0.88017604, 2.64052811, 0.95859172],[0.48409682, 0.96819364, 2.90458092, 1.05445089]],
 "ELLIPSOID_2obj": [[1.714, 1.102], [1.904, 1.225], [2.094, 1.347], [0.985, 3.48], [0.8865, 3.132], [1.0835, 3.828]],
 "ELLIPSOID_3obj": [[0.459, 3.303, 1.647], [0.51, 3.67, 1.83], [0.561, 4.037, 2.013], [1.557, 1.467, 1.548], [1.73, 1.63, 1.72], [1.903, 1.793, 1.892]],
 "ELLIPSOID_4obj":  [[0.042, 0.398, 5.366, 0.275],[0.046, 0.442, 5.963, 0.305],[0.051, 0.486, 6.559, 0.336],[0.098, 2.130, 4.253, 1.407],[0.109, 2.367, 4.725, 1.563],[0.120, 2.604, 5.198, 1.719]]}